0.000000 0.100076
17.340000 0.096584
34.680000 0.094813
52.020000 0.093499
69.360001 0.098367
86.699997 0.097308
104.040001 0.096361
121.379997 0.095495
138.720001 0.094695
156.059998 0.093948
173.399994 0.093249
190.740005 0.092580
208.080002 0.095669
225.419998 0.095067
242.759995 0.094493
260.100006 0.093935
277.440002 0.093412
294.779999 0.092904
312.119995 0.092413
329.459991 0.091938
346.799988 0.091479
364.140015 0.091033
381.480011 0.090600
398.820007 0.090180
416.160004 0.089771
433.500000 0.089373
450.839996 0.088985
468.179993 0.088608
485.519989 0.088234
502.859985 0.087882
520.200012 0.087532
537.539978 0.087191
554.880005 0.091922
572.219971 0.091575
589.559998 0.091237
606.900024 0.090906
624.239990 0.090579
641.580017 0.090253
658.919983 0.089956
676.260010 0.089653
693.599976 0.089357
710.940002 0.089067
728.280029 0.088783
745.619995 0.088506
762.960022 0.088235
780.299988 0.087969
797.640015 0.087709
814.979980 0.087454
832.320007 0.087204
849.659973 0.086960
867.000000 0.090536
884.340027 0.090299
901.679993 0.090067
919.020020 0.089840
936.359985 0.089618
953.700012 0.089400
971.039978 0.089186
988.380005 0.088977
1005.719971 0.088772
1023.059998 0.088571
1040.400024 0.088373
1057.739990 0.088180
1075.079956 0.087990
1092.420044 0.087804
1109.760010 0.087622
1127.099976 0.087443
1144.439941 0.087268
1161.780029 0.087096
1179.119995 0.086923
1196.459961 0.086753
1213.800049 0.086603
1231.140015 0.086445
1248.479980 0.086290
1265.819946 0.086138
1283.160034 0.085990
1300.500000 0.085844
1317.839966 0.085701
1335.180054 0.085560
1352.520020 0.085423
1369.859985 0.085288
1387.199951 0.085155
1404.540039 0.085025
1421.880005 0.084898
1439.219971 0.084773
1456.560059 0.084650
1473.900024 0.084530
1491.239990 0.084412
1508.579956 0.084297
1525.920044 0.084183
1543.260010 0.084072
1560.599976 0.083963
1577.939941 0.083855
1595.280029 0.083750
1612.619995 0.083647
1629.959961 0.083546
1647.300049 0.083447
1664.640015 0.083349
1681.979980 0.083254
1699.319946 0.083160
1716.660034 0.083068
1734.000000 0.082977
